$ 1 7.102272727272727e-8 0.18682459574322224 30 5 50 5e-11
f 208 192 256 192 32 4.3 72
R 192 144 144 144 0 0 40 24 0 0 0.5
w 256 176 256 144 0
l 192 144 256 144 0 0.0000032999999999999997 16.161942184146067 0
d 256 144 320 144 2 default
w 320 256 256 256 0
w 256 256 256 208 0
g 256 256 256 272 0 0
r 448 144 448 256 0 5
w 448 256 320 256 0
w 320 144 448 144 0
O 448 144 496 144 1 0
v 208 256 208 192 0 2 440000 5 5 0 0.52
w 208 256 256 256 0
209 320 144 320 256 4 0.001 47.01745129822147 0.001 0 1
o 14 1 0 4099 80 51.2 0 2 14 3
o 11 1 0 4098 80 0.1 1 1
o 3 1 0 4099 40 25.6 2 2 3 3
38 12 F1 5 0 100 -1 Duty\sCycle
